g =

   0.73106   0.00000   0.00000
   0.00000   0.00000   0.00000
   0.00000   0.00000   0.00000
   0.00000   0.00000   0.00000
   0.00000   0.00000   0.00000
   0.00000   0.00000   0.00000
   0.00000   0.00000   0.00000
   0.00000   0.00000   0.00000
   0.00000   0.00000   0.00000
   0.00000   0.00000   0.00000
   0.00000   0.00000   0.00000
   0.00000   0.00000   0.00000
   0.00000   0.00000   0.00000
   0.00000   0.00000   0.00000
   0.00000   0.00000   0.00000
   0.00000   0.00000   0.00000
   0.00000   0.00000   0.00000
   0.00000   0.00000   0.00000
   0.00000   0.00000   0.00000
   0.00000   0.00000   0.00000

g =

   0.73106   0.90782   0.00000
   0.00000   0.00000   0.00000
   0.00000   0.00000   0.00000
   0.00000   0.00000   0.00000
   0.00000   0.00000   0.00000
   0.00000   0.00000   0.00000
   0.00000   0.00000   0.00000
   0.00000   0.00000   0.00000
   0.00000   0.00000   0.00000
   0.00000   0.00000   0.00000
   0.00000   0.00000   0.00000
   0.00000   0.00000   0.00000
   0.00000   0.00000   0.00000
   0.00000   0.00000   0.00000
   0.00000   0.00000   0.00000
   0.00000   0.00000   0.00000
   0.00000   0.00000   0.00000
   0.00000   0.00000   0.00000
   0.00000   0.00000   0.00000
   0.00000   0.00000   0.00000

g =

   0.73106   0.90782   0.70906
   0.00000   0.00000   0.00000
   0.00000   0.00000   0.00000
   0.00000   0.00000   0.00000
   0.00000   0.00000   0.00000
   0.00000   0.00000   0.00000
   0.00000   0.00000   0.00000
   0.00000   0.00000   0.00000
   0.00000   0.00000   0.00000
   0.00000   0.00000   0.00000
   0.00000   0.00000   0.00000
   0.00000   0.00000   0.00000
   0.00000   0.00000   0.00000
   0.00000   0.00000   0.00000
   0.00000   0.00000   0.00000
   0.00000   0.00000   0.00000
   0.00000   0.00000   0.00000
   0.00000   0.00000   0.00000
   0.00000   0.00000   0.00000
   0.00000   0.00000   0.00000

g =

   0.73106   0.90782   0.70906
   0.73106   0.00000   0.00000
   0.00000   0.00000   0.00000
   0.00000   0.00000   0.00000
   0.00000   0.00000   0.00000
   0.00000   0.00000   0.00000
   0.00000   0.00000   0.00000
   0.00000   0.00000   0.00000
   0.00000   0.00000   0.00000
   0.00000   0.00000   0.00000
   0.00000   0.00000   0.00000
   0.00000   0.00000   0.00000
   0.00000   0.00000   0.00000
   0.00000   0.00000   0.00000
   0.00000   0.00000   0.00000
   0.00000   0.00000   0.00000
   0.00000   0.00000   0.00000
   0.00000   0.00000   0.00000
   0.00000   0.00000   0.00000
   0.00000   0.00000   0.00000

g =

   0.73106   0.90782   0.70906
   0.73106   0.92214   0.00000
   0.00000   0.00000   0.00000
   0.00000   0.00000   0.00000
   0.00000   0.00000   0.00000
   0.00000   0.00000   0.00000
   0.00000   0.00000   0.00000
   0.00000   0.00000   0.00000
   0.00000   0.00000   0.00000
   0.00000   0.00000   0.00000
   0.00000   0.00000   0.00000
   0.00000   0.00000   0.00000
   0.00000   0.00000   0.00000
   0.00000   0.00000   0.00000
   0.00000   0.00000   0.00000
   0.00000   0.00000   0.00000
   0.00000   0.00000   0.00000
   0.00000   0.00000   0.00000
   0.00000   0.00000   0.00000
   0.00000   0.00000   0.00000

g =

   0.73106   0.90782   0.70906
   0.73106   0.92214   0.33490
   0.00000   0.00000   0.00000
   0.00000   0.00000   0.00000
   0.00000   0.00000   0.00000
   0.00000   0.00000   0.00000
   0.00000   0.00000   0.00000
   0.00000   0.00000   0.00000
   0.00000   0.00000   0.00000
   0.00000   0.00000   0.00000
   0.00000   0.00000   0.00000
   0.00000   0.00000   0.00000
   0.00000   0.00000   0.00000
   0.00000   0.00000   0.00000
   0.00000   0.00000   0.00000
   0.00000   0.00000   0.00000
   0.00000   0.00000   0.00000
   0.00000   0.00000   0.00000
   0.00000   0.00000   0.00000
   0.00000   0.00000   0.00000

g =

   0.73106   0.90782   0.70906
   0.73106   0.92214   0.33490
   0.73106   0.00000   0.00000
   0.00000   0.00000   0.00000
   0.00000   0.00000   0.00000
   0.00000   0.00000   0.00000
   0.00000   0.00000   0.00000
   0.00000   0.00000   0.00000
   0.00000   0.00000   0.00000
   0.00000   0.00000   0.00000
   0.00000   0.00000   0.00000
   0.00000   0.00000   0.00000
   0.00000   0.00000   0.00000
   0.00000   0.00000   0.00000
   0.00000   0.00000   0.00000
   0.00000   0.00000   0.00000
   0.00000   0.00000   0.00000
   0.00000   0.00000   0.00000
   0.00000   0.00000   0.00000
   0.00000   0.00000   0.00000

g =

   0.73106   0.90782   0.70906
   0.73106   0.92214   0.33490
   0.73106   0.59474   0.00000
   0.00000   0.00000   0.00000
   0.00000   0.00000   0.00000
   0.00000   0.00000   0.00000
   0.00000   0.00000   0.00000
   0.00000   0.00000   0.00000
   0.00000   0.00000   0.00000
   0.00000   0.00000   0.00000
   0.00000   0.00000   0.00000
   0.00000   0.00000   0.00000
   0.00000   0.00000   0.00000
   0.00000   0.00000   0.00000
   0.00000   0.00000   0.00000
   0.00000   0.00000   0.00000
   0.00000   0.00000   0.00000
   0.00000   0.00000   0.00000
   0.00000   0.00000   0.00000
   0.00000   0.00000   0.00000

g =

   0.73106   0.90782   0.70906
   0.73106   0.92214   0.33490
   0.73106   0.59474   0.16353
   0.00000   0.00000   0.00000
   0.00000   0.00000   0.00000
   0.00000   0.00000   0.00000
   0.00000   0.00000   0.00000
   0.00000   0.00000   0.00000
   0.00000   0.00000   0.00000
   0.00000   0.00000   0.00000
   0.00000   0.00000   0.00000
   0.00000   0.00000   0.00000
   0.00000   0.00000   0.00000
   0.00000   0.00000   0.00000
   0.00000   0.00000   0.00000
   0.00000   0.00000   0.00000
   0.00000   0.00000   0.00000
   0.00000   0.00000   0.00000
   0.00000   0.00000   0.00000
   0.00000   0.00000   0.00000

g =

   0.73106   0.90782   0.70906
   0.73106   0.92214   0.33490
   0.73106   0.59474   0.16353
   0.73106   0.00000   0.00000
   0.00000   0.00000   0.00000
   0.00000   0.00000   0.00000
   0.00000   0.00000   0.00000
   0.00000   0.00000   0.00000
   0.00000   0.00000   0.00000
   0.00000   0.00000   0.00000
   0.00000   0.00000   0.00000
   0.00000   0.00000   0.00000
   0.00000   0.00000   0.00000
   0.00000   0.00000   0.00000
   0.00000   0.00000   0.00000
   0.00000   0.00000   0.00000
   0.00000   0.00000   0.00000
   0.00000   0.00000   0.00000
   0.00000   0.00000   0.00000
   0.00000   0.00000   0.00000

g =

   0.73106   0.90782   0.70906
   0.73106   0.92214   0.33490
   0.73106   0.59474   0.16353
   0.73106   0.11333   0.00000
   0.00000   0.00000   0.00000
   0.00000   0.00000   0.00000
   0.00000   0.00000   0.00000
   0.00000   0.00000   0.00000
   0.00000   0.00000   0.00000
   0.00000   0.00000   0.00000
   0.00000   0.00000   0.00000
   0.00000   0.00000   0.00000
   0.00000   0.00000   0.00000
   0.00000   0.00000   0.00000
   0.00000   0.00000   0.00000
   0.00000   0.00000   0.00000
   0.00000   0.00000   0.00000
   0.00000   0.00000   0.00000
   0.00000   0.00000   0.00000
   0.00000   0.00000   0.00000

g =

   0.73106   0.90782   0.70906
   0.73106   0.92214   0.33490
   0.73106   0.59474   0.16353
   0.73106   0.11333   0.25395
   0.00000   0.00000   0.00000
   0.00000   0.00000   0.00000
   0.00000   0.00000   0.00000
   0.00000   0.00000   0.00000
   0.00000   0.00000   0.00000
   0.00000   0.00000   0.00000
   0.00000   0.00000   0.00000
   0.00000   0.00000   0.00000
   0.00000   0.00000   0.00000
   0.00000   0.00000   0.00000
   0.00000   0.00000   0.00000
   0.00000   0.00000   0.00000
   0.00000   0.00000   0.00000
   0.00000   0.00000   0.00000
   0.00000   0.00000   0.00000
   0.00000   0.00000   0.00000

g =

   0.73106   0.90782   0.70906
   0.73106   0.92214   0.33490
   0.73106   0.59474   0.16353
   0.73106   0.11333   0.25395
   0.73106   0.00000   0.00000
   0.00000   0.00000   0.00000
   0.00000   0.00000   0.00000
   0.00000   0.00000   0.00000
   0.00000   0.00000   0.00000
   0.00000   0.00000   0.00000
   0.00000   0.00000   0.00000
   0.00000   0.00000   0.00000
   0.00000   0.00000   0.00000
   0.00000   0.00000   0.00000
   0.00000   0.00000   0.00000
   0.00000   0.00000   0.00000
   0.00000   0.00000   0.00000
   0.00000   0.00000   0.00000
   0.00000   0.00000   0.00000
   0.00000   0.00000   0.00000

g =

   0.73106   0.90782   0.70906
   0.73106   0.92214   0.33490
   0.73106   0.59474   0.16353
   0.73106   0.11333   0.25395
   0.73106   0.06871   0.00000
   0.00000   0.00000   0.00000
   0.00000   0.00000   0.00000
   0.00000   0.00000   0.00000
   0.00000   0.00000   0.00000
   0.00000   0.00000   0.00000
   0.00000   0.00000   0.00000
   0.00000   0.00000   0.00000
   0.00000   0.00000   0.00000
   0.00000   0.00000   0.00000
   0.00000   0.00000   0.00000
   0.00000   0.00000   0.00000
   0.00000   0.00000   0.00000
   0.00000   0.00000   0.00000
   0.00000   0.00000   0.00000
   0.00000   0.00000   0.00000

g =

   0.73106   0.90782   0.70906
   0.73106   0.92214   0.33490
   0.73106   0.59474   0.16353
   0.73106   0.11333   0.25395
   0.73106   0.06871   0.61483
   0.00000   0.00000   0.00000
   0.00000   0.00000   0.00000
   0.00000   0.00000   0.00000
   0.00000   0.00000   0.00000
   0.00000   0.00000   0.00000
   0.00000   0.00000   0.00000
   0.00000   0.00000   0.00000
   0.00000   0.00000   0.00000
   0.00000   0.00000   0.00000
   0.00000   0.00000   0.00000
   0.00000   0.00000   0.00000
   0.00000   0.00000   0.00000
   0.00000   0.00000   0.00000
   0.00000   0.00000   0.00000
   0.00000   0.00000   0.00000

g =

   0.73106   0.90782   0.70906
   0.73106   0.92214   0.33490
   0.73106   0.59474   0.16353
   0.73106   0.11333   0.25395
   0.73106   0.06871   0.61483
   0.73106   0.00000   0.00000
   0.00000   0.00000   0.00000
   0.00000   0.00000   0.00000
   0.00000   0.00000   0.00000
   0.00000   0.00000   0.00000
   0.00000   0.00000   0.00000
   0.00000   0.00000   0.00000
   0.00000   0.00000   0.00000
   0.00000   0.00000   0.00000
   0.00000   0.00000   0.00000
   0.00000   0.00000   0.00000
   0.00000   0.00000   0.00000
   0.00000   0.00000   0.00000
   0.00000   0.00000   0.00000
   0.00000   0.00000   0.00000

g =

   0.73106   0.90782   0.70906
   0.73106   0.92214   0.33490
   0.73106   0.59474   0.16353
   0.73106   0.11333   0.25395
   0.73106   0.06871   0.61483
   0.73106   0.31875   0.00000
   0.00000   0.00000   0.00000
   0.00000   0.00000   0.00000
   0.00000   0.00000   0.00000
   0.00000   0.00000   0.00000
   0.00000   0.00000   0.00000
   0.00000   0.00000   0.00000
   0.00000   0.00000   0.00000
   0.00000   0.00000   0.00000
   0.00000   0.00000   0.00000
   0.00000   0.00000   0.00000
   0.00000   0.00000   0.00000
   0.00000   0.00000   0.00000
   0.00000   0.00000   0.00000
   0.00000   0.00000   0.00000

g =

   0.73106   0.90782   0.70906
   0.73106   0.92214   0.33490
   0.73106   0.59474   0.16353
   0.73106   0.11333   0.25395
   0.73106   0.06871   0.61483
   0.73106   0.31875   0.82964
   0.00000   0.00000   0.00000
   0.00000   0.00000   0.00000
   0.00000   0.00000   0.00000
   0.00000   0.00000   0.00000
   0.00000   0.00000   0.00000
   0.00000   0.00000   0.00000
   0.00000   0.00000   0.00000
   0.00000   0.00000   0.00000
   0.00000   0.00000   0.00000
   0.00000   0.00000   0.00000
   0.00000   0.00000   0.00000
   0.00000   0.00000   0.00000
   0.00000   0.00000   0.00000
   0.00000   0.00000   0.00000

g =

   0.73106   0.90782   0.70906
   0.73106   0.92214   0.33490
   0.73106   0.59474   0.16353
   0.73106   0.11333   0.25395
   0.73106   0.06871   0.61483
   0.73106   0.31875   0.82964
   0.73106   0.00000   0.00000
   0.00000   0.00000   0.00000
   0.00000   0.00000   0.00000
   0.00000   0.00000   0.00000
   0.00000   0.00000   0.00000
   0.00000   0.00000   0.00000
   0.00000   0.00000   0.00000
   0.00000   0.00000   0.00000
   0.00000   0.00000   0.00000
   0.00000   0.00000   0.00000
   0.00000   0.00000   0.00000
   0.00000   0.00000   0.00000
   0.00000   0.00000   0.00000
   0.00000   0.00000   0.00000

g =

   0.73106   0.90782   0.70906
   0.73106   0.92214   0.33490
   0.73106   0.59474   0.16353
   0.73106   0.11333   0.25395
   0.73106   0.06871   0.61483
   0.73106   0.31875   0.82964
   0.73106   0.85642   0.00000
   0.00000   0.00000   0.00000
   0.00000   0.00000   0.00000
   0.00000   0.00000   0.00000
   0.00000   0.00000   0.00000
   0.00000   0.00000   0.00000
   0.00000   0.00000   0.00000
   0.00000   0.00000   0.00000
   0.00000   0.00000   0.00000
   0.00000   0.00000   0.00000
   0.00000   0.00000   0.00000
   0.00000   0.00000   0.00000
   0.00000   0.00000   0.00000
   0.00000   0.00000   0.00000

g =

   0.73106   0.90782   0.70906
   0.73106   0.92214   0.33490
   0.73106   0.59474   0.16353
   0.73106   0.11333   0.25395
   0.73106   0.06871   0.61483
   0.73106   0.31875   0.82964
   0.73106   0.85642   0.77608
   0.00000   0.00000   0.00000
   0.00000   0.00000   0.00000
   0.00000   0.00000   0.00000
   0.00000   0.00000   0.00000
   0.00000   0.00000   0.00000
   0.00000   0.00000   0.00000
   0.00000   0.00000   0.00000
   0.00000   0.00000   0.00000
   0.00000   0.00000   0.00000
   0.00000   0.00000   0.00000
   0.00000   0.00000   0.00000
   0.00000   0.00000   0.00000
   0.00000   0.00000   0.00000

g =

   0.73106   0.90782   0.70906
   0.73106   0.92214   0.33490
   0.73106   0.59474   0.16353
   0.73106   0.11333   0.25395
   0.73106   0.06871   0.61483
   0.73106   0.31875   0.82964
   0.73106   0.85642   0.77608
   0.73106   0.00000   0.00000
   0.00000   0.00000   0.00000
   0.00000   0.00000   0.00000
   0.00000   0.00000   0.00000
   0.00000   0.00000   0.00000
   0.00000   0.00000   0.00000
   0.00000   0.00000   0.00000
   0.00000   0.00000   0.00000
   0.00000   0.00000   0.00000
   0.00000   0.00000   0.00000
   0.00000   0.00000   0.00000
   0.00000   0.00000   0.00000
   0.00000   0.00000   0.00000

g =

   0.73106   0.90782   0.70906
   0.73106   0.92214   0.33490
   0.73106   0.59474   0.16353
   0.73106   0.11333   0.25395
   0.73106   0.06871   0.61483
   0.73106   0.31875   0.82964
   0.73106   0.85642   0.77608
   0.73106   0.93640   0.00000
   0.00000   0.00000   0.00000
   0.00000   0.00000   0.00000
   0.00000   0.00000   0.00000
   0.00000   0.00000   0.00000
   0.00000   0.00000   0.00000
   0.00000   0.00000   0.00000
   0.00000   0.00000   0.00000
   0.00000   0.00000   0.00000
   0.00000   0.00000   0.00000
   0.00000   0.00000   0.00000
   0.00000   0.00000   0.00000
   0.00000   0.00000   0.00000

g =

   0.73106   0.90782   0.70906
   0.73106   0.92214   0.33490
   0.73106   0.59474   0.16353
   0.73106   0.11333   0.25395
   0.73106   0.06871   0.61483
   0.73106   0.31875   0.82964
   0.73106   0.85642   0.77608
   0.73106   0.93640   0.44031
   0.00000   0.00000   0.00000
   0.00000   0.00000   0.00000
   0.00000   0.00000   0.00000
   0.00000   0.00000   0.00000
   0.00000   0.00000   0.00000
   0.00000   0.00000   0.00000
   0.00000   0.00000   0.00000
   0.00000   0.00000   0.00000
   0.00000   0.00000   0.00000
   0.00000   0.00000   0.00000
   0.00000   0.00000   0.00000
   0.00000   0.00000   0.00000

g =

   0.73106   0.90782   0.70906
   0.73106   0.92214   0.33490
   0.73106   0.59474   0.16353
   0.73106   0.11333   0.25395
   0.73106   0.06871   0.61483
   0.73106   0.31875   0.82964
   0.73106   0.85642   0.77608
   0.73106   0.93640   0.44031
   0.73106   0.00000   0.00000
   0.00000   0.00000   0.00000
   0.00000   0.00000   0.00000
   0.00000   0.00000   0.00000
   0.00000   0.00000   0.00000
   0.00000   0.00000   0.00000
   0.00000   0.00000   0.00000
   0.00000   0.00000   0.00000
   0.00000   0.00000   0.00000
   0.00000   0.00000   0.00000
   0.00000   0.00000   0.00000
   0.00000   0.00000   0.00000

g =

   0.73106   0.90782   0.70906
   0.73106   0.92214   0.33490
   0.73106   0.59474   0.16353
   0.73106   0.11333   0.25395
   0.73106   0.06871   0.61483
   0.73106   0.31875   0.82964
   0.73106   0.85642   0.77608
   0.73106   0.93640   0.44031
   0.73106   0.75404   0.00000
   0.00000   0.00000   0.00000
   0.00000   0.00000   0.00000
   0.00000   0.00000   0.00000
   0.00000   0.00000   0.00000
   0.00000   0.00000   0.00000
   0.00000   0.00000   0.00000
   0.00000   0.00000   0.00000
   0.00000   0.00000   0.00000
   0.00000   0.00000   0.00000
   0.00000   0.00000   0.00000
   0.00000   0.00000   0.00000

g =

   0.73106   0.90782   0.70906
   0.73106   0.92214   0.33490
   0.73106   0.59474   0.16353
   0.73106   0.11333   0.25395
   0.73106   0.06871   0.61483
   0.73106   0.31875   0.82964
   0.73106   0.85642   0.77608
   0.73106   0.93640   0.44031
   0.73106   0.75404   0.18210
   0.00000   0.00000   0.00000
   0.00000   0.00000   0.00000
   0.00000   0.00000   0.00000
   0.00000   0.00000   0.00000
   0.00000   0.00000   0.00000
   0.00000   0.00000   0.00000
   0.00000   0.00000   0.00000
   0.00000   0.00000   0.00000
   0.00000   0.00000   0.00000
   0.00000   0.00000   0.00000
   0.00000   0.00000   0.00000

g =

   0.73106   0.90782   0.70906
   0.73106   0.92214   0.33490
   0.73106   0.59474   0.16353
   0.73106   0.11333   0.25395
   0.73106   0.06871   0.61483
   0.73106   0.31875   0.82964
   0.73106   0.85642   0.77608
   0.73106   0.93640   0.44031
   0.73106   0.75404   0.18210
   0.73106   0.00000   0.00000
   0.00000   0.00000   0.00000
   0.00000   0.00000   0.00000
   0.00000   0.00000   0.00000
   0.00000   0.00000   0.00000
   0.00000   0.00000   0.00000
   0.00000   0.00000   0.00000
   0.00000   0.00000   0.00000
   0.00000   0.00000   0.00000
   0.00000   0.00000   0.00000
   0.00000   0.00000   0.00000

g =

   0.73106   0.90782   0.70906
   0.73106   0.92214   0.33490
   0.73106   0.59474   0.16353
   0.73106   0.11333   0.25395
   0.73106   0.06871   0.61483
   0.73106   0.31875   0.82964
   0.73106   0.85642   0.77608
   0.73106   0.93640   0.44031
   0.73106   0.75404   0.18210
   0.73106   0.18561   0.00000
   0.00000   0.00000   0.00000
   0.00000   0.00000   0.00000
   0.00000   0.00000   0.00000
   0.00000   0.00000   0.00000
   0.00000   0.00000   0.00000
   0.00000   0.00000   0.00000
   0.00000   0.00000   0.00000
   0.00000   0.00000   0.00000
   0.00000   0.00000   0.00000
   0.00000   0.00000   0.00000

g =

   0.73106   0.90782   0.70906
   0.73106   0.92214   0.33490
   0.73106   0.59474   0.16353
   0.73106   0.11333   0.25395
   0.73106   0.06871   0.61483
   0.73106   0.31875   0.82964
   0.73106   0.85642   0.77608
   0.73106   0.93640   0.44031
   0.73106   0.75404   0.18210
   0.73106   0.18561   0.20046
   0.00000   0.00000   0.00000
   0.00000   0.00000   0.00000
   0.00000   0.00000   0.00000
   0.00000   0.00000   0.00000
   0.00000   0.00000   0.00000
   0.00000   0.00000   0.00000
   0.00000   0.00000   0.00000
   0.00000   0.00000   0.00000
   0.00000   0.00000   0.00000
   0.00000   0.00000   0.00000

g =

   0.73106   0.90782   0.70906
   0.73106   0.92214   0.33490
   0.73106   0.59474   0.16353
   0.73106   0.11333   0.25395
   0.73106   0.06871   0.61483
   0.73106   0.31875   0.82964
   0.73106   0.85642   0.77608
   0.73106   0.93640   0.44031
   0.73106   0.75404   0.18210
   0.73106   0.18561   0.20046
   0.73106   0.00000   0.00000
   0.00000   0.00000   0.00000
   0.00000   0.00000   0.00000
   0.00000   0.00000   0.00000
   0.00000   0.00000   0.00000
   0.00000   0.00000   0.00000
   0.00000   0.00000   0.00000
   0.00000   0.00000   0.00000
   0.00000   0.00000   0.00000
   0.00000   0.00000   0.00000

g =

   0.73106   0.90782   0.70906
   0.73106   0.92214   0.33490
   0.73106   0.59474   0.16353
   0.73106   0.11333   0.25395
   0.73106   0.06871   0.61483
   0.73106   0.31875   0.82964
   0.73106   0.85642   0.77608
   0.73106   0.93640   0.44031
   0.73106   0.75404   0.18210
   0.73106   0.18561   0.20046
   0.73106   0.06190   0.00000
   0.00000   0.00000   0.00000
   0.00000   0.00000   0.00000
   0.00000   0.00000   0.00000
   0.00000   0.00000   0.00000
   0.00000   0.00000   0.00000
   0.00000   0.00000   0.00000
   0.00000   0.00000   0.00000
   0.00000   0.00000   0.00000
   0.00000   0.00000   0.00000

g =

   0.73106   0.90782   0.70906
   0.73106   0.92214   0.33490
   0.73106   0.59474   0.16353
   0.73106   0.11333   0.25395
   0.73106   0.06871   0.61483
   0.73106   0.31875   0.82964
   0.73106   0.85642   0.77608
   0.73106   0.93640   0.44031
   0.73106   0.75404   0.18210
   0.73106   0.18561   0.20046
   0.73106   0.06190   0.50182
   0.00000   0.00000   0.00000
   0.00000   0.00000   0.00000
   0.00000   0.00000   0.00000
   0.00000   0.00000   0.00000
   0.00000   0.00000   0.00000
   0.00000   0.00000   0.00000
   0.00000   0.00000   0.00000
   0.00000   0.00000   0.00000
   0.00000   0.00000   0.00000

g =

   0.73106   0.90782   0.70906
   0.73106   0.92214   0.33490
   0.73106   0.59474   0.16353
   0.73106   0.11333   0.25395
   0.73106   0.06871   0.61483
   0.73106   0.31875   0.82964
   0.73106   0.85642   0.77608
   0.73106   0.93640   0.44031
   0.73106   0.75404   0.18210
   0.73106   0.18561   0.20046
   0.73106   0.06190   0.50182
   0.73106   0.00000   0.00000
   0.00000   0.00000   0.00000
   0.00000   0.00000   0.00000
   0.00000   0.00000   0.00000
   0.00000   0.00000   0.00000
   0.00000   0.00000   0.00000
   0.00000   0.00000   0.00000
   0.00000   0.00000   0.00000
   0.00000   0.00000   0.00000

g =

   0.73106   0.90782   0.70906
   0.73106   0.92214   0.33490
   0.73106   0.59474   0.16353
   0.73106   0.11333   0.25395
   0.73106   0.06871   0.61483
   0.73106   0.31875   0.82964
   0.73106   0.85642   0.77608
   0.73106   0.93640   0.44031
   0.73106   0.75404   0.18210
   0.73106   0.18561   0.20046
   0.73106   0.06190   0.50182
   0.73106   0.18869   0.00000
   0.00000   0.00000   0.00000
   0.00000   0.00000   0.00000
   0.00000   0.00000   0.00000
   0.00000   0.00000   0.00000
   0.00000   0.00000   0.00000
   0.00000   0.00000   0.00000
   0.00000   0.00000   0.00000
   0.00000   0.00000   0.00000

g =

   0.73106   0.90782   0.70906
   0.73106   0.92214   0.33490
   0.73106   0.59474   0.16353
   0.73106   0.11333   0.25395
   0.73106   0.06871   0.61483
   0.73106   0.31875   0.82964
   0.73106   0.85642   0.77608
   0.73106   0.93640   0.44031
   0.73106   0.75404   0.18210
   0.73106   0.18561   0.20046
   0.73106   0.06190   0.50182
   0.73106   0.18869   0.80080
   0.00000   0.00000   0.00000
   0.00000   0.00000   0.00000
   0.00000   0.00000   0.00000
   0.00000   0.00000   0.00000
   0.00000   0.00000   0.00000
   0.00000   0.00000   0.00000
   0.00000   0.00000   0.00000
   0.00000   0.00000   0.00000

g =

   0.73106   0.90782   0.70906
   0.73106   0.92214   0.33490
   0.73106   0.59474   0.16353
   0.73106   0.11333   0.25395
   0.73106   0.06871   0.61483
   0.73106   0.31875   0.82964
   0.73106   0.85642   0.77608
   0.73106   0.93640   0.44031
   0.73106   0.75404   0.18210
   0.73106   0.18561   0.20046
   0.73106   0.06190   0.50182
   0.73106   0.18869   0.80080
   0.73106   0.00000   0.00000
   0.00000   0.00000   0.00000
   0.00000   0.00000   0.00000
   0.00000   0.00000   0.00000
   0.00000   0.00000   0.00000
   0.00000   0.00000   0.00000
   0.00000   0.00000   0.00000
   0.00000   0.00000   0.00000

g =

   0.73106   0.90782   0.70906
   0.73106   0.92214   0.33490
   0.73106   0.59474   0.16353
   0.73106   0.11333   0.25395
   0.73106   0.06871   0.61483
   0.73106   0.31875   0.82964
   0.73106   0.85642   0.77608
   0.73106   0.93640   0.44031
   0.73106   0.75404   0.18210
   0.73106   0.18561   0.20046
   0.73106   0.06190   0.50182
   0.73106   0.18869   0.80080
   0.73106   0.75807   0.00000
   0.00000   0.00000   0.00000
   0.00000   0.00000   0.00000
   0.00000   0.00000   0.00000
   0.00000   0.00000   0.00000
   0.00000   0.00000   0.00000
   0.00000   0.00000   0.00000
   0.00000   0.00000   0.00000

g =

   0.73106   0.90782   0.70906
   0.73106   0.92214   0.33490
   0.73106   0.59474   0.16353
   0.73106   0.11333   0.25395
   0.73106   0.06871   0.61483
   0.73106   0.31875   0.82964
   0.73106   0.85642   0.77608
   0.73106   0.93640   0.44031
   0.73106   0.75404   0.18210
   0.73106   0.18561   0.20046
   0.73106   0.06190   0.50182
   0.73106   0.18869   0.80080
   0.73106   0.75807   0.81700
   0.00000   0.00000   0.00000
   0.00000   0.00000   0.00000
   0.00000   0.00000   0.00000
   0.00000   0.00000   0.00000
   0.00000   0.00000   0.00000
   0.00000   0.00000   0.00000
   0.00000   0.00000   0.00000

g =

   0.73106   0.90782   0.70906
   0.73106   0.92214   0.33490
   0.73106   0.59474   0.16353
   0.73106   0.11333   0.25395
   0.73106   0.06871   0.61483
   0.73106   0.31875   0.82964
   0.73106   0.85642   0.77608
   0.73106   0.93640   0.44031
   0.73106   0.75404   0.18210
   0.73106   0.18561   0.20046
   0.73106   0.06190   0.50182
   0.73106   0.18869   0.80080
   0.73106   0.75807   0.81700
   0.73106   0.00000   0.00000
   0.00000   0.00000   0.00000
   0.00000   0.00000   0.00000
   0.00000   0.00000   0.00000
   0.00000   0.00000   0.00000
   0.00000   0.00000   0.00000
   0.00000   0.00000   0.00000

g =

   0.73106   0.90782   0.70906
   0.73106   0.92214   0.33490
   0.73106   0.59474   0.16353
   0.73106   0.11333   0.25395
   0.73106   0.06871   0.61483
   0.73106   0.31875   0.82964
   0.73106   0.85642   0.77608
   0.73106   0.93640   0.44031
   0.73106   0.75404   0.18210
   0.73106   0.18561   0.20046
   0.73106   0.06190   0.50182
   0.73106   0.18869   0.80080
   0.73106   0.75807   0.81700
   0.73106   0.93660   0.00000
   0.00000   0.00000   0.00000
   0.00000   0.00000   0.00000
   0.00000   0.00000   0.00000
   0.00000   0.00000   0.00000
   0.00000   0.00000   0.00000
   0.00000   0.00000   0.00000

g =

   0.73106   0.90782   0.70906
   0.73106   0.92214   0.33490
   0.73106   0.59474   0.16353
   0.73106   0.11333   0.25395
   0.73106   0.06871   0.61483
   0.73106   0.31875   0.82964
   0.73106   0.85642   0.77608
   0.73106   0.93640   0.44031
   0.73106   0.75404   0.18210
   0.73106   0.18561   0.20046
   0.73106   0.06190   0.50182
   0.73106   0.18869   0.80080
   0.73106   0.75807   0.81700
   0.73106   0.93660   0.55612
   0.00000   0.00000   0.00000
   0.00000   0.00000   0.00000
   0.00000   0.00000   0.00000
   0.00000   0.00000   0.00000
   0.00000   0.00000   0.00000
   0.00000   0.00000   0.00000

g =

   0.73106   0.90782   0.70906
   0.73106   0.92214   0.33490
   0.73106   0.59474   0.16353
   0.73106   0.11333   0.25395
   0.73106   0.06871   0.61483
   0.73106   0.31875   0.82964
   0.73106   0.85642   0.77608
   0.73106   0.93640   0.44031
   0.73106   0.75404   0.18210
   0.73106   0.18561   0.20046
   0.73106   0.06190   0.50182
   0.73106   0.18869   0.80080
   0.73106   0.75807   0.81700
   0.73106   0.93660   0.55612
   0.73106   0.00000   0.00000
   0.00000   0.00000   0.00000
   0.00000   0.00000   0.00000
   0.00000   0.00000   0.00000
   0.00000   0.00000   0.00000
   0.00000   0.00000   0.00000

g =

   0.73106   0.90782   0.70906
   0.73106   0.92214   0.33490
   0.73106   0.59474   0.16353
   0.73106   0.11333   0.25395
   0.73106   0.06871   0.61483
   0.73106   0.31875   0.82964
   0.73106   0.85642   0.77608
   0.73106   0.93640   0.44031
   0.73106   0.75404   0.18210
   0.73106   0.18561   0.20046
   0.73106   0.06190   0.50182
   0.73106   0.18869   0.80080
   0.73106   0.75807   0.81700
   0.73106   0.93660   0.55612
   0.73106   0.85417   0.00000
   0.00000   0.00000   0.00000
   0.00000   0.00000   0.00000
   0.00000   0.00000   0.00000
   0.00000   0.00000   0.00000
   0.00000   0.00000   0.00000

g =

   0.73106   0.90782   0.70906
   0.73106   0.92214   0.33490
   0.73106   0.59474   0.16353
   0.73106   0.11333   0.25395
   0.73106   0.06871   0.61483
   0.73106   0.31875   0.82964
   0.73106   0.85642   0.77608
   0.73106   0.93640   0.44031
   0.73106   0.75404   0.18210
   0.73106   0.18561   0.20046
   0.73106   0.06190   0.50182
   0.73106   0.18869   0.80080
   0.73106   0.75807   0.81700
   0.73106   0.93660   0.55612
   0.73106   0.85417   0.22227
   0.00000   0.00000   0.00000
   0.00000   0.00000   0.00000
   0.00000   0.00000   0.00000
   0.00000   0.00000   0.00000
   0.00000   0.00000   0.00000

g =

   0.73106   0.90782   0.70906
   0.73106   0.92214   0.33490
   0.73106   0.59474   0.16353
   0.73106   0.11333   0.25395
   0.73106   0.06871   0.61483
   0.73106   0.31875   0.82964
   0.73106   0.85642   0.77608
   0.73106   0.93640   0.44031
   0.73106   0.75404   0.18210
   0.73106   0.18561   0.20046
   0.73106   0.06190   0.50182
   0.73106   0.18869   0.80080
   0.73106   0.75807   0.81700
   0.73106   0.93660   0.55612
   0.73106   0.85417   0.22227
   0.73106   0.00000   0.00000
   0.00000   0.00000   0.00000
   0.00000   0.00000   0.00000
   0.00000   0.00000   0.00000
   0.00000   0.00000   0.00000

g =

   0.73106   0.90782   0.70906
   0.73106   0.92214   0.33490
   0.73106   0.59474   0.16353
   0.73106   0.11333   0.25395
   0.73106   0.06871   0.61483
   0.73106   0.31875   0.82964
   0.73106   0.85642   0.77608
   0.73106   0.93640   0.44031
   0.73106   0.75404   0.18210
   0.73106   0.18561   0.20046
   0.73106   0.06190   0.50182
   0.73106   0.18869   0.80080
   0.73106   0.75807   0.81700
   0.73106   0.93660   0.55612
   0.73106   0.85417   0.22227
   0.73106   0.31376   0.00000
   0.00000   0.00000   0.00000
   0.00000   0.00000   0.00000
   0.00000   0.00000   0.00000
   0.00000   0.00000   0.00000

g =

   0.73106   0.90782   0.70906
   0.73106   0.92214   0.33490
   0.73106   0.59474   0.16353
   0.73106   0.11333   0.25395
   0.73106   0.06871   0.61483
   0.73106   0.31875   0.82964
   0.73106   0.85642   0.77608
   0.73106   0.93640   0.44031
   0.73106   0.75404   0.18210
   0.73106   0.18561   0.20046
   0.73106   0.06190   0.50182
   0.73106   0.18869   0.80080
   0.73106   0.75807   0.81700
   0.73106   0.93660   0.55612
   0.73106   0.85417   0.22227
   0.73106   0.31376   0.17095
   0.00000   0.00000   0.00000
   0.00000   0.00000   0.00000
   0.00000   0.00000   0.00000
   0.00000   0.00000   0.00000

g =

   0.73106   0.90782   0.70906
   0.73106   0.92214   0.33490
   0.73106   0.59474   0.16353
   0.73106   0.11333   0.25395
   0.73106   0.06871   0.61483
   0.73106   0.31875   0.82964
   0.73106   0.85642   0.77608
   0.73106   0.93640   0.44031
   0.73106   0.75404   0.18210
   0.73106   0.18561   0.20046
   0.73106   0.06190   0.50182
   0.73106   0.18869   0.80080
   0.73106   0.75807   0.81700
   0.73106   0.93660   0.55612
   0.73106   0.85417   0.22227
   0.73106   0.31376   0.17095
   0.73106   0.00000   0.00000
   0.00000   0.00000   0.00000
   0.00000   0.00000   0.00000
   0.00000   0.00000   0.00000

g =

   0.73106   0.90782   0.70906
   0.73106   0.92214   0.33490
   0.73106   0.59474   0.16353
   0.73106   0.11333   0.25395
   0.73106   0.06871   0.61483
   0.73106   0.31875   0.82964
   0.73106   0.85642   0.77608
   0.73106   0.93640   0.44031
   0.73106   0.75404   0.18210
   0.73106   0.18561   0.20046
   0.73106   0.06190   0.50182
   0.73106   0.18869   0.80080
   0.73106   0.75807   0.81700
   0.73106   0.93660   0.55612
   0.73106   0.85417   0.22227
   0.73106   0.31376   0.17095
   0.73106   0.06828   0.00000
   0.00000   0.00000   0.00000
   0.00000   0.00000   0.00000
   0.00000   0.00000   0.00000

g =

   0.73106   0.90782   0.70906
   0.73106   0.92214   0.33490
   0.73106   0.59474   0.16353
   0.73106   0.11333   0.25395
   0.73106   0.06871   0.61483
   0.73106   0.31875   0.82964
   0.73106   0.85642   0.77608
   0.73106   0.93640   0.44031
   0.73106   0.75404   0.18210
   0.73106   0.18561   0.20046
   0.73106   0.06190   0.50182
   0.73106   0.18869   0.80080
   0.73106   0.75807   0.81700
   0.73106   0.93660   0.55612
   0.73106   0.85417   0.22227
   0.73106   0.31376   0.17095
   0.73106   0.06828   0.38849
   0.00000   0.00000   0.00000
   0.00000   0.00000   0.00000
   0.00000   0.00000   0.00000

g =

   0.73106   0.90782   0.70906
   0.73106   0.92214   0.33490
   0.73106   0.59474   0.16353
   0.73106   0.11333   0.25395
   0.73106   0.06871   0.61483
   0.73106   0.31875   0.82964
   0.73106   0.85642   0.77608
   0.73106   0.93640   0.44031
   0.73106   0.75404   0.18210
   0.73106   0.18561   0.20046
   0.73106   0.06190   0.50182
   0.73106   0.18869   0.80080
   0.73106   0.75807   0.81700
   0.73106   0.93660   0.55612
   0.73106   0.85417   0.22227
   0.73106   0.31376   0.17095
   0.73106   0.06828   0.38849
   0.73106   0.00000   0.00000
   0.00000   0.00000   0.00000
   0.00000   0.00000   0.00000

g =

   0.73106   0.90782   0.70906
   0.73106   0.92214   0.33490
   0.73106   0.59474   0.16353
   0.73106   0.11333   0.25395
   0.73106   0.06871   0.61483
   0.73106   0.31875   0.82964
   0.73106   0.85642   0.77608
   0.73106   0.93640   0.44031
   0.73106   0.75404   0.18210
   0.73106   0.18561   0.20046
   0.73106   0.06190   0.50182
   0.73106   0.18869   0.80080
   0.73106   0.75807   0.81700
   0.73106   0.93660   0.55612
   0.73106   0.85417   0.22227
   0.73106   0.31376   0.17095
   0.73106   0.06828   0.38849
   0.73106   0.11492   0.00000
   0.00000   0.00000   0.00000
   0.00000   0.00000   0.00000

g =

   0.73106   0.90782   0.70906
   0.73106   0.92214   0.33490
   0.73106   0.59474   0.16353
   0.73106   0.11333   0.25395
   0.73106   0.06871   0.61483
   0.73106   0.31875   0.82964
   0.73106   0.85642   0.77608
   0.73106   0.93640   0.44031
   0.73106   0.75404   0.18210
   0.73106   0.18561   0.20046
   0.73106   0.06190   0.50182
   0.73106   0.18869   0.80080
   0.73106   0.75807   0.81700
   0.73106   0.93660   0.55612
   0.73106   0.85417   0.22227
   0.73106   0.31376   0.17095
   0.73106   0.06828   0.38849
   0.73106   0.11492   0.74813
   0.00000   0.00000   0.00000
   0.00000   0.00000   0.00000

g =

   0.73106   0.90782   0.70906
   0.73106   0.92214   0.33490
   0.73106   0.59474   0.16353
   0.73106   0.11333   0.25395
   0.73106   0.06871   0.61483
   0.73106   0.31875   0.82964
   0.73106   0.85642   0.77608
   0.73106   0.93640   0.44031
   0.73106   0.75404   0.18210
   0.73106   0.18561   0.20046
   0.73106   0.06190   0.50182
   0.73106   0.18869   0.80080
   0.73106   0.75807   0.81700
   0.73106   0.93660   0.55612
   0.73106   0.85417   0.22227
   0.73106   0.31376   0.17095
   0.73106   0.06828   0.38849
   0.73106   0.11492   0.74813
   0.73106   0.00000   0.00000
   0.00000   0.00000   0.00000

g =

   0.73106   0.90782   0.70906
   0.73106   0.92214   0.33490
   0.73106   0.59474   0.16353
   0.73106   0.11333   0.25395
   0.73106   0.06871   0.61483
   0.73106   0.31875   0.82964
   0.73106   0.85642   0.77608
   0.73106   0.93640   0.44031
   0.73106   0.75404   0.18210
   0.73106   0.18561   0.20046
   0.73106   0.06190   0.50182
   0.73106   0.18869   0.80080
   0.73106   0.75807   0.81700
   0.73106   0.93660   0.55612
   0.73106   0.85417   0.22227
   0.73106   0.31376   0.17095
   0.73106   0.06828   0.38849
   0.73106   0.11492   0.74813
   0.73106   0.60047   0.00000
   0.00000   0.00000   0.00000

g =

   0.73106   0.90782   0.70906
   0.73106   0.92214   0.33490
   0.73106   0.59474   0.16353
   0.73106   0.11333   0.25395
   0.73106   0.06871   0.61483
   0.73106   0.31875   0.82964
   0.73106   0.85642   0.77608
   0.73106   0.93640   0.44031
   0.73106   0.75404   0.18210
   0.73106   0.18561   0.20046
   0.73106   0.06190   0.50182
   0.73106   0.18869   0.80080
   0.73106   0.75807   0.81700
   0.73106   0.93660   0.55612
   0.73106   0.85417   0.22227
   0.73106   0.31376   0.17095
   0.73106   0.06828   0.38849
   0.73106   0.11492   0.74813
   0.73106   0.60047   0.83618
   0.00000   0.00000   0.00000

g =

   0.73106   0.90782   0.70906
   0.73106   0.92214   0.33490
   0.73106   0.59474   0.16353
   0.73106   0.11333   0.25395
   0.73106   0.06871   0.61483
   0.73106   0.31875   0.82964
   0.73106   0.85642   0.77608
   0.73106   0.93640   0.44031
   0.73106   0.75404   0.18210
   0.73106   0.18561   0.20046
   0.73106   0.06190   0.50182
   0.73106   0.18869   0.80080
   0.73106   0.75807   0.81700
   0.73106   0.93660   0.55612
   0.73106   0.85417   0.22227
   0.73106   0.31376   0.17095
   0.73106   0.06828   0.38849
   0.73106   0.11492   0.74813
   0.73106   0.60047   0.83618
   0.73106   0.00000   0.00000

g =

   0.73106   0.90782   0.70906
   0.73106   0.92214   0.33490
   0.73106   0.59474   0.16353
   0.73106   0.11333   0.25395
   0.73106   0.06871   0.61483
   0.73106   0.31875   0.82964
   0.73106   0.85642   0.77608
   0.73106   0.93640   0.44031
   0.73106   0.75404   0.18210
   0.73106   0.18561   0.20046
   0.73106   0.06190   0.50182
   0.73106   0.18869   0.80080
   0.73106   0.75807   0.81700
   0.73106   0.93660   0.55612
   0.73106   0.85417   0.22227
   0.73106   0.31376   0.17095
   0.73106   0.06828   0.38849
   0.73106   0.11492   0.74813
   0.73106   0.60047   0.83618
   0.73106   0.92284   0.00000

g =

   0.731059   0.907824   0.709057
   0.731059   0.922136   0.334899
   0.731059   0.594742   0.163526
   0.731059   0.113327   0.253946
   0.731059   0.068713   0.614834
   0.731059   0.318748   0.829636
   0.731059   0.856421   0.776081
   0.731059   0.936396   0.440314
   0.731059   0.754036   0.182098
   0.731059   0.185608   0.200464
   0.731059   0.061905   0.501824
   0.731059   0.188688   0.800797
   0.731059   0.758071   0.816996
   0.731059   0.936597   0.556123
   0.731059   0.854167   0.222265
   0.731059   0.313759   0.170949
   0.731059   0.068284   0.388489
   0.731059   0.114925   0.748133
   0.731059   0.600466   0.836183
   0.731059   0.922845   0.662133

== 
==                                   Part Name |     Score | Feedback
==                                   --------- |     ----- | --------
==                            Sigmoid Function |   5 /   5 | Nice work!
==                    Logistic Regression Cost |   0 /  30 | 
==                Logistic Regression Gradient |   0 /  30 | 
==                                     Predict |   0 /   5 | 
==        Regularized Logistic Regression Cost |   0 /  15 | 
==    Regularized Logistic Regression Gradient |   0 /  15 | 
==                                   --------------------------------
==                                             |   5 / 100 | 
== 
