g =

   0.73106   0.00000   0.00000
   0.00000   0.00000   0.00000
   0.00000   0.00000   0.00000
   0.00000   0.00000   0.00000
   0.00000   0.00000   0.00000
   0.00000   0.00000   0.00000
   0.00000   0.00000   0.00000
   0.00000   0.00000   0.00000
   0.00000   0.00000   0.00000
   0.00000   0.00000   0.00000
   0.00000   0.00000   0.00000
   0.00000   0.00000   0.00000
   0.00000   0.00000   0.00000
   0.00000   0.00000   0.00000
   0.00000   0.00000   0.00000
   0.00000   0.00000   0.00000
   0.00000   0.00000   0.00000
   0.00000   0.00000   0.00000
   0.00000   0.00000   0.00000
   0.00000   0.00000   0.00000

g =

   0.73106   0.00000   0.00000
   0.73106   0.00000   0.00000
   0.00000   0.00000   0.00000
   0.00000   0.00000   0.00000
   0.00000   0.00000   0.00000
   0.00000   0.00000   0.00000
   0.00000   0.00000   0.00000
   0.00000   0.00000   0.00000
   0.00000   0.00000   0.00000
   0.00000   0.00000   0.00000
   0.00000   0.00000   0.00000
   0.00000   0.00000   0.00000
   0.00000   0.00000   0.00000
   0.00000   0.00000   0.00000
   0.00000   0.00000   0.00000
   0.00000   0.00000   0.00000
   0.00000   0.00000   0.00000
   0.00000   0.00000   0.00000
   0.00000   0.00000   0.00000
   0.00000   0.00000   0.00000

g =

   0.73106   0.00000   0.00000
   0.73106   0.00000   0.00000
   0.73106   0.00000   0.00000
   0.00000   0.00000   0.00000
   0.00000   0.00000   0.00000
   0.00000   0.00000   0.00000
   0.00000   0.00000   0.00000
   0.00000   0.00000   0.00000
   0.00000   0.00000   0.00000
   0.00000   0.00000   0.00000
   0.00000   0.00000   0.00000
   0.00000   0.00000   0.00000
   0.00000   0.00000   0.00000
   0.00000   0.00000   0.00000
   0.00000   0.00000   0.00000
   0.00000   0.00000   0.00000
   0.00000   0.00000   0.00000
   0.00000   0.00000   0.00000
   0.00000   0.00000   0.00000
   0.00000   0.00000   0.00000

g =

   0.73106   0.00000   0.00000
   0.73106   0.00000   0.00000
   0.73106   0.00000   0.00000
   0.73106   0.00000   0.00000
   0.00000   0.00000   0.00000
   0.00000   0.00000   0.00000
   0.00000   0.00000   0.00000
   0.00000   0.00000   0.00000
   0.00000   0.00000   0.00000
   0.00000   0.00000   0.00000
   0.00000   0.00000   0.00000
   0.00000   0.00000   0.00000
   0.00000   0.00000   0.00000
   0.00000   0.00000   0.00000
   0.00000   0.00000   0.00000
   0.00000   0.00000   0.00000
   0.00000   0.00000   0.00000
   0.00000   0.00000   0.00000
   0.00000   0.00000   0.00000
   0.00000   0.00000   0.00000

g =

   0.73106   0.00000   0.00000
   0.73106   0.00000   0.00000
   0.73106   0.00000   0.00000
   0.73106   0.00000   0.00000
   0.73106   0.00000   0.00000
   0.00000   0.00000   0.00000
   0.00000   0.00000   0.00000
   0.00000   0.00000   0.00000
   0.00000   0.00000   0.00000
   0.00000   0.00000   0.00000
   0.00000   0.00000   0.00000
   0.00000   0.00000   0.00000
   0.00000   0.00000   0.00000
   0.00000   0.00000   0.00000
   0.00000   0.00000   0.00000
   0.00000   0.00000   0.00000
   0.00000   0.00000   0.00000
   0.00000   0.00000   0.00000
   0.00000   0.00000   0.00000
   0.00000   0.00000   0.00000

g =

   0.73106   0.00000   0.00000
   0.73106   0.00000   0.00000
   0.73106   0.00000   0.00000
   0.73106   0.00000   0.00000
   0.73106   0.00000   0.00000
   0.73106   0.00000   0.00000
   0.00000   0.00000   0.00000
   0.00000   0.00000   0.00000
   0.00000   0.00000   0.00000
   0.00000   0.00000   0.00000
   0.00000   0.00000   0.00000
   0.00000   0.00000   0.00000
   0.00000   0.00000   0.00000
   0.00000   0.00000   0.00000
   0.00000   0.00000   0.00000
   0.00000   0.00000   0.00000
   0.00000   0.00000   0.00000
   0.00000   0.00000   0.00000
   0.00000   0.00000   0.00000
   0.00000   0.00000   0.00000

g =

   0.73106   0.00000   0.00000
   0.73106   0.00000   0.00000
   0.73106   0.00000   0.00000
   0.73106   0.00000   0.00000
   0.73106   0.00000   0.00000
   0.73106   0.00000   0.00000
   0.73106   0.00000   0.00000
   0.00000   0.00000   0.00000
   0.00000   0.00000   0.00000
   0.00000   0.00000   0.00000
   0.00000   0.00000   0.00000
   0.00000   0.00000   0.00000
   0.00000   0.00000   0.00000
   0.00000   0.00000   0.00000
   0.00000   0.00000   0.00000
   0.00000   0.00000   0.00000
   0.00000   0.00000   0.00000
   0.00000   0.00000   0.00000
   0.00000   0.00000   0.00000
   0.00000   0.00000   0.00000

g =

   0.73106   0.00000   0.00000
   0.73106   0.00000   0.00000
   0.73106   0.00000   0.00000
   0.73106   0.00000   0.00000
   0.73106   0.00000   0.00000
   0.73106   0.00000   0.00000
   0.73106   0.00000   0.00000
   0.73106   0.00000   0.00000
   0.00000   0.00000   0.00000
   0.00000   0.00000   0.00000
   0.00000   0.00000   0.00000
   0.00000   0.00000   0.00000
   0.00000   0.00000   0.00000
   0.00000   0.00000   0.00000
   0.00000   0.00000   0.00000
   0.00000   0.00000   0.00000
   0.00000   0.00000   0.00000
   0.00000   0.00000   0.00000
   0.00000   0.00000   0.00000
   0.00000   0.00000   0.00000

g =

   0.73106   0.00000   0.00000
   0.73106   0.00000   0.00000
   0.73106   0.00000   0.00000
   0.73106   0.00000   0.00000
   0.73106   0.00000   0.00000
   0.73106   0.00000   0.00000
   0.73106   0.00000   0.00000
   0.73106   0.00000   0.00000
   0.73106   0.00000   0.00000
   0.00000   0.00000   0.00000
   0.00000   0.00000   0.00000
   0.00000   0.00000   0.00000
   0.00000   0.00000   0.00000
   0.00000   0.00000   0.00000
   0.00000   0.00000   0.00000
   0.00000   0.00000   0.00000
   0.00000   0.00000   0.00000
   0.00000   0.00000   0.00000
   0.00000   0.00000   0.00000
   0.00000   0.00000   0.00000

g =

   0.73106   0.00000   0.00000
   0.73106   0.00000   0.00000
   0.73106   0.00000   0.00000
   0.73106   0.00000   0.00000
   0.73106   0.00000   0.00000
   0.73106   0.00000   0.00000
   0.73106   0.00000   0.00000
   0.73106   0.00000   0.00000
   0.73106   0.00000   0.00000
   0.73106   0.00000   0.00000
   0.00000   0.00000   0.00000
   0.00000   0.00000   0.00000
   0.00000   0.00000   0.00000
   0.00000   0.00000   0.00000
   0.00000   0.00000   0.00000
   0.00000   0.00000   0.00000
   0.00000   0.00000   0.00000
   0.00000   0.00000   0.00000
   0.00000   0.00000   0.00000
   0.00000   0.00000   0.00000

g =

   0.73106   0.00000   0.00000
   0.73106   0.00000   0.00000
   0.73106   0.00000   0.00000
   0.73106   0.00000   0.00000
   0.73106   0.00000   0.00000
   0.73106   0.00000   0.00000
   0.73106   0.00000   0.00000
   0.73106   0.00000   0.00000
   0.73106   0.00000   0.00000
   0.73106   0.00000   0.00000
   0.73106   0.00000   0.00000
   0.00000   0.00000   0.00000
   0.00000   0.00000   0.00000
   0.00000   0.00000   0.00000
   0.00000   0.00000   0.00000
   0.00000   0.00000   0.00000
   0.00000   0.00000   0.00000
   0.00000   0.00000   0.00000
   0.00000   0.00000   0.00000
   0.00000   0.00000   0.00000

g =

   0.73106   0.00000   0.00000
   0.73106   0.00000   0.00000
   0.73106   0.00000   0.00000
   0.73106   0.00000   0.00000
   0.73106   0.00000   0.00000
   0.73106   0.00000   0.00000
   0.73106   0.00000   0.00000
   0.73106   0.00000   0.00000
   0.73106   0.00000   0.00000
   0.73106   0.00000   0.00000
   0.73106   0.00000   0.00000
   0.73106   0.00000   0.00000
   0.00000   0.00000   0.00000
   0.00000   0.00000   0.00000
   0.00000   0.00000   0.00000
   0.00000   0.00000   0.00000
   0.00000   0.00000   0.00000
   0.00000   0.00000   0.00000
   0.00000   0.00000   0.00000
   0.00000   0.00000   0.00000

g =

   0.73106   0.00000   0.00000
   0.73106   0.00000   0.00000
   0.73106   0.00000   0.00000
   0.73106   0.00000   0.00000
   0.73106   0.00000   0.00000
   0.73106   0.00000   0.00000
   0.73106   0.00000   0.00000
   0.73106   0.00000   0.00000
   0.73106   0.00000   0.00000
   0.73106   0.00000   0.00000
   0.73106   0.00000   0.00000
   0.73106   0.00000   0.00000
   0.73106   0.00000   0.00000
   0.00000   0.00000   0.00000
   0.00000   0.00000   0.00000
   0.00000   0.00000   0.00000
   0.00000   0.00000   0.00000
   0.00000   0.00000   0.00000
   0.00000   0.00000   0.00000
   0.00000   0.00000   0.00000

g =

   0.73106   0.00000   0.00000
   0.73106   0.00000   0.00000
   0.73106   0.00000   0.00000
   0.73106   0.00000   0.00000
   0.73106   0.00000   0.00000
   0.73106   0.00000   0.00000
   0.73106   0.00000   0.00000
   0.73106   0.00000   0.00000
   0.73106   0.00000   0.00000
   0.73106   0.00000   0.00000
   0.73106   0.00000   0.00000
   0.73106   0.00000   0.00000
   0.73106   0.00000   0.00000
   0.73106   0.00000   0.00000
   0.00000   0.00000   0.00000
   0.00000   0.00000   0.00000
   0.00000   0.00000   0.00000
   0.00000   0.00000   0.00000
   0.00000   0.00000   0.00000
   0.00000   0.00000   0.00000

g =

   0.73106   0.00000   0.00000
   0.73106   0.00000   0.00000
   0.73106   0.00000   0.00000
   0.73106   0.00000   0.00000
   0.73106   0.00000   0.00000
   0.73106   0.00000   0.00000
   0.73106   0.00000   0.00000
   0.73106   0.00000   0.00000
   0.73106   0.00000   0.00000
   0.73106   0.00000   0.00000
   0.73106   0.00000   0.00000
   0.73106   0.00000   0.00000
   0.73106   0.00000   0.00000
   0.73106   0.00000   0.00000
   0.73106   0.00000   0.00000
   0.00000   0.00000   0.00000
   0.00000   0.00000   0.00000
   0.00000   0.00000   0.00000
   0.00000   0.00000   0.00000
   0.00000   0.00000   0.00000

g =

   0.73106   0.00000   0.00000
   0.73106   0.00000   0.00000
   0.73106   0.00000   0.00000
   0.73106   0.00000   0.00000
   0.73106   0.00000   0.00000
   0.73106   0.00000   0.00000
   0.73106   0.00000   0.00000
   0.73106   0.00000   0.00000
   0.73106   0.00000   0.00000
   0.73106   0.00000   0.00000
   0.73106   0.00000   0.00000
   0.73106   0.00000   0.00000
   0.73106   0.00000   0.00000
   0.73106   0.00000   0.00000
   0.73106   0.00000   0.00000
   0.73106   0.00000   0.00000
   0.00000   0.00000   0.00000
   0.00000   0.00000   0.00000
   0.00000   0.00000   0.00000
   0.00000   0.00000   0.00000

g =

   0.73106   0.00000   0.00000
   0.73106   0.00000   0.00000
   0.73106   0.00000   0.00000
   0.73106   0.00000   0.00000
   0.73106   0.00000   0.00000
   0.73106   0.00000   0.00000
   0.73106   0.00000   0.00000
   0.73106   0.00000   0.00000
   0.73106   0.00000   0.00000
   0.73106   0.00000   0.00000
   0.73106   0.00000   0.00000
   0.73106   0.00000   0.00000
   0.73106   0.00000   0.00000
   0.73106   0.00000   0.00000
   0.73106   0.00000   0.00000
   0.73106   0.00000   0.00000
   0.73106   0.00000   0.00000
   0.00000   0.00000   0.00000
   0.00000   0.00000   0.00000
   0.00000   0.00000   0.00000

g =

   0.73106   0.00000   0.00000
   0.73106   0.00000   0.00000
   0.73106   0.00000   0.00000
   0.73106   0.00000   0.00000
   0.73106   0.00000   0.00000
   0.73106   0.00000   0.00000
   0.73106   0.00000   0.00000
   0.73106   0.00000   0.00000
   0.73106   0.00000   0.00000
   0.73106   0.00000   0.00000
   0.73106   0.00000   0.00000
   0.73106   0.00000   0.00000
   0.73106   0.00000   0.00000
   0.73106   0.00000   0.00000
   0.73106   0.00000   0.00000
   0.73106   0.00000   0.00000
   0.73106   0.00000   0.00000
   0.73106   0.00000   0.00000
   0.00000   0.00000   0.00000
   0.00000   0.00000   0.00000

g =

   0.73106   0.00000   0.00000
   0.73106   0.00000   0.00000
   0.73106   0.00000   0.00000
   0.73106   0.00000   0.00000
   0.73106   0.00000   0.00000
   0.73106   0.00000   0.00000
   0.73106   0.00000   0.00000
   0.73106   0.00000   0.00000
   0.73106   0.00000   0.00000
   0.73106   0.00000   0.00000
   0.73106   0.00000   0.00000
   0.73106   0.00000   0.00000
   0.73106   0.00000   0.00000
   0.73106   0.00000   0.00000
   0.73106   0.00000   0.00000
   0.73106   0.00000   0.00000
   0.73106   0.00000   0.00000
   0.73106   0.00000   0.00000
   0.73106   0.00000   0.00000
   0.00000   0.00000   0.00000

g =

   0.73106   0.00000   0.00000
   0.73106   0.00000   0.00000
   0.73106   0.00000   0.00000
   0.73106   0.00000   0.00000
   0.73106   0.00000   0.00000
   0.73106   0.00000   0.00000
   0.73106   0.00000   0.00000
   0.73106   0.00000   0.00000
   0.73106   0.00000   0.00000
   0.73106   0.00000   0.00000
   0.73106   0.00000   0.00000
   0.73106   0.00000   0.00000
   0.73106   0.00000   0.00000
   0.73106   0.00000   0.00000
   0.73106   0.00000   0.00000
   0.73106   0.00000   0.00000
   0.73106   0.00000   0.00000
   0.73106   0.00000   0.00000
   0.73106   0.00000   0.00000
   0.73106   0.00000   0.00000

== 
==                                   Part Name |     Score | Feedback
==                                   --------- |     ----- | --------
==                            Sigmoid Function |   0 /   5 | 
==                    Logistic Regression Cost |   0 /  30 | 
==                Logistic Regression Gradient |   0 /  30 | 
==                                     Predict |   0 /   5 | 
==        Regularized Logistic Regression Cost |   0 /  15 | 
==    Regularized Logistic Regression Gradient |   0 /  15 | 
==                                   --------------------------------
==                                             |   0 / 100 | 
== 
